26250
26300
26350
26400
26450
26400
26450
26400
26350
26300
26250
26300
26200
26150
26000
25950
25900
25950
26000
25950
25900
25850
25900
25650
25700
25750
25800
25750
25800
25800
25850
25800
26050
26100
26150
26100
26150
26050
26100
26150
26100
26050
26050
26100
25850
25800
25750
25800
25850
25850
25800
25750
25800
25500
25450
25500
25450
25400
25350
25400
25350
25400
25200
25250
25200
25350
25400
25450
25500
25550
25700
25750
25700
25750
25700
25750
25700
25600
25550
25600
25450
25400
25350
25300
25350
25300
25350
25400
25350
25600
26250
26300
26350
26400
26450
26400
26450
26400
26350
26300
26250
26300
26200
26150
26000
25950
25900
25950
26000
25950
25900
25850
25900
25650
25700
25750
25800
25750
25800
25800
25850
25800
26050
26100
26150
26100
26150
26050
26100
26150
26100
26050
26050
26100
25850
25800
25750
25800
25850
25850
25800
25750
25800
25500
25450
25500
25450
25400
25350
25400
25350
25400
25200
25250
25200
25350
25400
25450
25500
25550
25700
25750
25700
25750
25700
25750
25700
25600
25550
25600
25450
25400
25350
25300
25350
25300
25350
25400
25350
25600
26250
26300
26350
26400
26450
26400
26450
26400
26350
26300
26250
26300
26200
26150
26000
25950
25900
25950
26000
25950
25900
25850
25900
25650
25700
25750
25800
25750
25800
25800
25850
25800
26050
26100
26150
26100
26150
26050
26100
26150
26100
26050
26050
26100
25850
25800
25750
25800
25850
25850
25800
25750
25800
25500
25450
25500
25450
25400
25350
25400
25350
25400
25200
25250
25200
25350
25400
25450
25500
25550
25700
25750
25700
25750
25700
25750
25700
25600
25550
25600
25450
25400
25350
25300
25350
25300
25350
25400
25350
25600
26250
26300
26350
26400
26450
26400
26450
26400
26350
26300
26250
26300
26200
26150
26000
25950
25900
25950
26000
25950
25900
25850
25900
25650
25700
25750
25800
25750
25800
25800
25850
25800
26050
26100
26150
26100
26150
26050
26100
26150
26100
26050
26050
26100
25850
25800
25750
25800
25850
25850
25800
25750
25800
25500
25450
25500
25450
25400
25350
25400
25350
25400
25200
25250
25200
25350
25400
25450
25500
25550
25700
25750
25700
25750
25700
25750
25700
25600
25550
25600
25450
25400
25350
25300
25350
25300
25350
25400
25350
25600
25350
25400
25350
25600
25350
